Cfiles
./output/database/run000175-align-mille.bin

Parameter
1 0.0 -1.0
2 0.0 -1.0
3 0.0 -1.0
4 0.0 -1.0
5 0.0 -1.0
6 0.0 -1.0
7 -28.5635 0.0
8 -17.3576 0.0
9 0 0.0
10 0.0 0.0
11 0.0 0.0
12 0.0 0.0
13 -36.0747 0.0
14 -10.2746 0.0
15 0 0.0
16 0.0 0.0
17 0.0 0.0
18 0.0 0.0
19 -36.8907 0.0
20 -153.894 0.0
21 0 0.0
22 0.0 0.0
23 0.0 0.0
24 0.0 0.0
25 -41.0555 0.0
26 -121.891 0.0
27 0 0.0
28 0.0 0.0
29 0.0 0.0
30 0.0 0.0
31 19.5825 0.0
32 -180.485 0.0
33 0 0.0
34 0.0 0.0
35 0.0 0.0
36 0.0 0.0
37 0.0 -1.0
38 0.0 -1.0
39 0.0 -1.0
40 0.0 -1.0
41 0.0 -1.0
42 0.0 -1.0


method inversion 10 0.001

histprint

end
